  9.3081
 12.5271
 37.8592
  8.3003
 27.8891
 18.0322
  7.3068
 19.9661
 41.3009
 26.4142
  5.9906
 10.8424
 20.7991
  37.336
 24.2267
 31.2027
 13.2141
 28.2385
 14.1003
  7.8185
       5
       2
  1.6849
 11.0178
 16.1299
  2.9597
 10.6843
   4.253
  2.9623
  8.0291
 15.8646
 11.6813
  1.5529
  2.7198
  6.3608
 13.3708
 13.1139
 10.5788
  4.4763
  7.7867
  3.4476
  2.6267
  0.9383
-14.5086
  0.5995
  -2.619
  1.5204
  4.5262
 -3.6178
 -1.0921
  4.5716
 -1.9484
 -2.1152
  0.4029
  3.0775
  5.5945
  -7.001
   5.045
 -0.7385
  7.6651
   2.205
 -2.4349

       1  1.6849
       1 11.0178
       1 16.1299
       1  2.9597
       1 10.6843
       1   4.253
       1  2.9623
       1  8.0291
       1 15.8646
       1 11.6813
       1  1.5529
       1  2.7198
       1  6.3608
       1 13.3708
       1 13.1139
       1 10.5788
       1  4.4763
       1  7.7867
       1  3.4476
       1  2.6267
        20  151.3014
  151.3014 1599.1781

  0.0945  -0.996
  0.9955  0.0891
1613.5437
  5.6345
  0.0945 -0.9955
  0.9955  0.0945
   19.999 151.2939
 151.2939 1599.099

1613.5437
  5.6345
  0.0006
  0.1775
  0.0006       0
       0  0.1775

  8.5366
  1.6771

